pol_name = "I0"
ndays = 1
start_day = 0
datadir = "hist_tests/"
results_hist2d = "hist2d_I0_0_1.csv"
last_day = 2025-01-02T15:00:00.000Z
units = "arcsec"
results_hist = "hist_I0_0_1.csv"
first_day = 2025-01-01T15:00:00.000Z

[stats]
mean_colat_err = 57.91531666666667
mean_point_err = 654.8005275462963
std_colat_err = 413.7435878852707
std_long_err = 506.83031981524283
mean_long_err = 1.574074074074074e-5
std_point_err = 51.313276724057914

[config_ang]
tiltang_arcmin = 0.0
wheel3ang_0_arcmin = 0.0
panang_arcmin = 0.0
wheel1ang_0_arcmin = 0.0
omegaVAXang_arcmin = 0.0
forkang_arcmin = 0.0
wheel2ang_0_arcmin = 10.0
zVAXang_arcmin = 0.0
rollang_arcmin = 0.0
